
Array Size = 83
    51    46    14    77    91    40    74     6    74    73
    46    39    55    24    70    91    63    12    45    89
    64    61    75    10    91     3    20    20    39    96
    79    81    37    81    23    20    10    56    86    33
    61    66    88    84    22    12    64     9    57    15
    32    69     8    40    59     4    32    82    87    45
    16    26    34    22     5    15    89    85    65    99
    37    22    79    61    13    26    18    97    27    11
    15    44    47

Array Size = 36
  1000  1001  1003  1005  1011  1015  1016  1016  1018  1018
  1020  1025  1033  1036  1048  1049  1049  1055  1056  1057
  1062  1063  1063  1065  1068  1069  1070  1077  1080  1082
  1083  1086  1087  1088  1093  1096

Array Size = 82
  2030  2075  2012  2030  2093  2013  2002  2022  2019  2047
  2009  2095  2015  2068  2000  2039  2067  2058  2034  2096
  2060  2069  2067  2022  2052  2045  2072  2023  2048  2047
  2089  2045  2047  2036  2001  2011  2057  2072  2092  2001
  2028  2066  2016  2081  2088  2095  2062  2043  2087  2035
  2044  2035  2051  2055  2004  2031  2060  2014  2044  2062
  2049  2067  2055  2065  2068  2069  2069  2090  2013  2078
  2099  2047  2014  2028  2007  2001  2017  2092  2008  2005
  2074  2006

Array Size = 48
  3000  3000  3001  3002  3006  3009  3013  3014  3014  3015
  3020  3024  3027  3029  3031  3033  3034  3035  3037  3039
  3040  3041  3042  3044  3046  3048  3049  3050  3053  3054
  3060  3063  3065  3066  3071  3074  3076  3082  3083  3085
  3086  3087  3088  3090  3095  3095  3097  3098

Array Size = 43
  4002  4022  4065  4009  4089  4083  4009  4047  4042  4093
  4064  4043  4025  4076  4072  4030  4091  4009  4069  4018
  4063  4029  4012  4083  4082  4017  4056  4046  4035  4022
  4047  4016  4067  4087  4000  4023  4026  4050  4093  4011
  4070  4078  4030

Array Size = 65
  5002  5003  5003  5004  5006  5007  5009  5015  5017  5018
  5018  5021  5021  5022  5024  5024  5026  5027  5029  5029
  5030  5031  5031  5035  5035  5036  5036  5037  5039  5039
  5040  5046  5047  5048  5050  5050  5050  5057  5058  5059
  5059  5060  5070  5071  5071  5074  5074  5075  5077  5078
  5078  5080  5084  5084  5085  5085  5085  5089  5089  5091
  5093  5094  5096  5096  5099

Array Size = 88
  6035  6054  6026  6086  6011  6063  6065  6064  6057  6046
  6033  6039  6022  6097  6078  6040  6079  6003  6033  6001
  6051  6040  6027  6023  6013  6003  6093  6057  6015  6001
  6021  6007  6067  6030  6032  6062  6062  6051  6098  6023
  6077  6037  6054  6043  6072  6044  6074  6055  6059  6067
  6054  6008  6091  6016  6095  6091  6026  6018  6019  6008
  6063  6015  6044  6096  6019  6020  6007  6027  6002  6018
  6071  6002  6071  6051  6044  6064  6022  6055  6028  6060
  6064  6025  6078  6013  6000  6063  6084  6016

Array Size = 18
  7004  7005  7014  7020  7034  7035  7036  7039  7045  7057
  7062  7073  7078  7080  7085  7086  7091  7093

Array Size = 43
  8093  8047  8021  8087  8087  8001  8032  8055  8085  8059
  8083  8011  8000  8097  8035  8088  8019  8007  8087  8092
  8040  8077  8031  8076  8020  8081  8023  8033  8052  8085
  8050  8036  8073  8090  8021  8030  8030  8005  8047  8098
  8022  8012  8052

Array Size = 86
  9001  9002  9002  9002  9003  9005  9006  9008  9009  9009
  9010  9010  9012  9012  9013  9016  9019  9022  9028  9029
  9029  9030  9032  9033  9033  9034  9035  9035  9039  9039
  9040  9044  9047  9047  9050  9052  9052  9053  9057  9058
  9058  9058  9059  9059  9060  9062  9062  9062  9063  9063
  9063  9064  9064  9065  9065  9065  9066  9066  9070  9073
  9073  9074  9075  9076  9076  9078  9080  9081  9082  9082
  9083  9084  9084  9088  9089  9090  9091  9091  9091  9092
  9094  9095  9095  9096  9097  9099

Array Size = 87
 10049 10090 10039 10090 10012 10046 10058 10058 10093 10085
 10074 10069 10066 10092 10023 10016 10031 10009 10008 10039
 10089 10061 10035 10058 10050 10014 10048 10091 10034 10085
 10074 10044 10011 10065 10051 10028 10089 10071 10021 10039
 10061 10067 10031 10024 10029 10022 10053 10074 10016 10003
 10096 10000 10018 10073 10092 10009 10051 10080 10050 10080
 10081 10045 10093 10090 10047 10007 10079 10024 10091 10025
 10050 10063 10076 10099 10020 10089 10013 10082 10031 10034
 10006 10094 10064 10050 10079 10010 10080

Array Size = 17
 11005 11006 11025 11033 11036 11037 11046 11064 11064 11065
 11065 11067 11067 11069 11070 11080 11086

Array Size = 38
 12087 12060 12021 12050 12041 12032 12032 12076 12085 12039
 12028 12075 12070 12020 12009 12059 12090 12060 12054 12013
 12095 12089 12040 12024 12035 12094 12027 12091 12055 12097
 12034 12057 12071 12059 12066 12004 12080 12036

Array Size = 85
 13000 13000 13000 13001 13001 13002 13002 13002 13003 13003
 13003 13006 13007 13008 13008 13009 13009 13011 13011 13012
 13012 13013 13013 13013 13014 13015 13015 13016 13016 13018
 13020 13021 13022 13024 13026 13029 13030 13030 13031 13031
 13032 13032 13033 13035 13035 13037 13039 13040 13042 13043
 13043 13044 13046 13047 13047 13049 13049 13053 13056 13056
 13059 13060 13064 13066 13067 13068 13072 13075 13078 13080
 13081 13081 13083 13084 13085 13086 13086 13086 13088 13090
 13094 13094 13095 13098 13099

Array Size = 78
 14090 14065 14010 14058 14084 14083 14063 14076 14031 14034
 14048 14050 14064 14008 14046 14031 14056 14015 14061 14021
 14028 14099 14076 14076 14040 14040 14085 14085 14059 14062
 14065 14079 14022 14008 14072 14080 14031 14044 14012 14065
 14045 14039 14067 14047 14076 14063 14006 14008 14091 14091
 14092 14001 14070 14064 14012 14086 14086 14022 14073 14081
 14090 14018 14053 14022 14073 14085 14006 14013 14077 14012
 14099 14018 14079 14098 14013 14027 14093 14086

Array Size = 16
 15000 15007 15030 15035 15039 15040 15047 15059 15060 15061
 15067 15084 15085 15086 15087 15087

Array Size = 24
 16072 16049 16063 16034 16048 16001 16092 16054 16078 16060
 16034 16028 16042 16003 16020 16099 16023 16063 16073 16054
 16010 16038 16009 16086

Array Size = 11
 17018 17041 17052 17056 17056 17064 17067 17076 17085 17090
 17092

Array Size = 40
 18046 18043 18093 18066 18022 18019 18085 18038 18076 18078
 18093 18070 18011 18071 18093 18068 18074 18043 18078 18008
 18064 18021 18014 18022 18024 18073 18043 18013 18065 18027
 18031 18063 18089 18039 18093 18030 18097 18071 18001 18080


Array Size = 49
 19001 19001 19003 19004 19005 19006 19007 19008 19010 19013
 19015 19017 19018 19021 19022 19022 19022 19024 19027 19030
 19030 19032 19032 19035 19035 19036 19040 19046 19053 19055
 19056 19056 19058 19060 19061 19061 19065 19065 19069 19075
 19078 19079 19081 19083 19083 19089 19094 19096 19098

Array Size = 42
 20031 20097 20025 20002 20082 20093 20070 20000 20043 20070
 20098 20017 20090 20088 20075 20060 20063 20059 20073 20040
 20023 20002 20065 20075 20042 20056 20080 20016 20003 20024
 20045 20050 20057 20031 20090 20031 20092 20017 20059 20035
 20034 20048

Array Size = 88
 21002 21002 21002 21004 21004 21005 21005 21006 21006 21007
 21007 21012 21012 21012 21015 21015 21016 21016 21018 21019
 21019 21020 21020 21023 21026 21026 21026 21027 21031 21032
 21032 21032 21034 21035 21035 21037 21038 21038 21039 21040
 21042 21042 21043 21043 21046 21049 21050 21051 21052 21052
 21054 21054 21054 21056 21057 21057 21060 21062 21068 21068
 21071 21071 21073 21075 21076 21077 21078 21079 21079 21079
 21080 21081 21081 21083 21086 21088 21088 21088 21090 21090
 21091 21092 21093 21093 21096 21099 21099 21099

Array Size = 30
 22059 22002 22052 22088 22013 22038 22047 22097 22038 22024
 22015 22064 22039 22038 22072 22053 22077 22077 22043 22011
 22052 22090 22031 22045 22096 22041 22023 22081 22045 22022


Array Size = 38
 23001 23002 23003 23006 23010 23010 23011 23012 23018 23019
 23022 23023 23023 23027 23028 23029 23029 23031 23032 23036
 23044 23046 23047 23048 23049 23051 23052 23052 23059 23060
 23062 23064 23066 23072 23080 23081 23084 23085

Array Size = 38
 24070 24061 24057 24007 24094 24002 24023 24081 24093 24008
 24000 24060 24085 24077 24090 24022 24027 24031 24080 24033
 24057 24057 24095 24044 24050 24051 24085 24085 24073 24048
 24048 24020 24028 24017 24035 24070 24048 24063

Array Size = 17
 25016 25019 25019 25025 25035 25040 25053 25064 25077 25078
 25084 25084 25087 25087 25090 25091 25093

Array Size = 48
 26014 26017 26028 26006 26081 26071 26040 26061 26046 26021
 26095 26098 26040 26017 26068 26033 26057 26065 26052 26080
 26077 26025 26075 26060 26003 26008 26043 26086 26096 26041
 26043 26056 26081 26010 26042 26080 26066 26062 26008 26003
 26087 26040 26098 26064 26033 26041 26040 26090

Array Size = 48
 27001 27002 27004 27005 27005 27005 27007 27010 27011 27015
 27019 27019 27021 27021 27021 27026 27035 27035 27036 27036
 27036 27039 27043 27043 27044 27045 27045 27049 27051 27054
 27057 27057 27061 27063 27063 27065 27066 27070 27072 27074
 27074 27082 27084 27087 27089 27092 27094 27096

Array Size = 75
 28092 28008 28037 28033 28048 28090 28063 28082 28087 28039
 28015 28041 28014 28055 28060 28053 28016 28044 28072 28015
 28027 28004 28022 28057 28065 28060 28067 28076 28020 28085
 28004 28064 28091 28047 28001 28051 28054 28097 28028 28099
 28086 28015 28074 28033 28098 28081 28025 28016 28049 28077
 28007 28032 28061 28041 28080 28003 28054 28007 28020 28058
 28083 28061 28030 28053 28090 28027 28079 28042 28098 28037
 28026 28045 28000 28040 28047

Array Size = 58
 29000 29007 29009 29010 29011 29016 29017 29019 29020 29023
 29025 29025 29025 29027 29027 29029 29032 29035 29036 29036
 29038 29040 29045 29046 29047 29050 29051 29052 29052 29053
 29053 29053 29054 29056 29058 29059 29062 29064 29065 29067
 29067 29069 29069 29071 29073 29074 29074 29076 29077 29077
 29082 29083 29088 29090 29092 29094 29098 29099

Array Size = 60
 30087 30020 30073 30099 30025 30010 30033 30078 30041 30058
 30020 30036 30018 30004 30023 30007 30076 30046 30040 30010
 30002 30041 30055 30061 30048 30075 30063 30028 30086 30000
 30094 30046 30097 30020 30004 30029 30058 30069 30038 30009
 30069 30010 30099 30095 30018 30024 30081 30046 30006 30055
 30051 30053 30081 30023 30015 30061 30069 30035 30001 30037


Array Size = 75
 31000 31000 31001 31002 31002 31003 31005 31006 31007 31007
 31009 31011 31014 31015 31017 31018 31019 31019 31020 31020
 31022 31023 31025 31025 31027 31027 31029 31030 31030 31032
 31034 31034 31035 31036 31037 31038 31039 31043 31049 31049
 31049 31050 31050 31054 31054 31054 31057 31058 31063 31063
 31066 31069 31075 31075 31076 31077 31077 31080 31081 31084
 31086 31086 31088 31089 31090 31093 31095 31095 31095 31095
 31096 31096 31097 31098 31098

Array Size = 31
 32098 32024 32058 32030 32093 32034 32019 32044 32042 32096
 32012 32075 32076 32052 32098 32025 32074 32050 32089 32023
 32057 32062 32034 32004 32077 32076 32094 32080 32067 32069
 32042

Array Size = 58
 33002 33008 33013 33014 33016 33019 33020 33020 33023 33025
 33025 33025 33026 33028 33029 33031 33032 33033 33038 33040
 33041 33041 33042 33042 33043 33044 33045 33046 33047 33048
 33052 33052 33053 33053 33054 33055 33061 33061 33061 33064
 33068 33069 33072 33072 33073 33073 33075 33077 33079 33082
 33084 33085 33086 33088 33090 33092 33094 33098

Array Size = 63
 34018 34000 34047 34059 34051 34039 34014 34026 34050 34000
 34085 34029 34030 34049 34015 34061 34081 34020 34081 34032
 34055 34069 34001 34079 34099 34006 34023 34076 34080 34031
 34046 34050 34004 34067 34058 34071 34037 34085 34062 34080
 34087 34016 34026 34004 34051 34052 34065 34076 34064 34043
 34027 34084 34035 34042 34008 34022 34036 34000 34025 34023
 34039 34006 34097

Array Size = 40
 35001 35006 35014 35020 35021 35023 35023 35033 35034 35038
 35040 35042 35046 35047 35047 35047 35048 35049 35050 35051
 35052 35054 35055 35058 35061 35063 35065 35066 35072 35076
 35078 35079 35082 35083 35087 35087 35088 35088 35089 35094


Array Size = 38
 36002 36070 36087 36046 36050 36021 36020 36080 36059 36027
 36052 36067 36020 36041 36018 36008 36076 36047 36044 36048
 36079 36093 36013 36087 36002 36061 36005 36088 36024 36039
 36065 36040 36013 36039 36052 36001 36053 36031

Array Size = 64
 37001 37002 37004 37008 37009 37010 37013 37015 37017 37019
 37021 37022 37023 37023 37024 37025 37026 37026 37036 37037
 37037 37037 37039 37039 37040 37041 37043 37046 37048 37052
 37053 37053 37054 37056 37057 37057 37060 37063 37064 37065
 37066 37067 37068 37068 37079 37079 37080 37080 37082 37082
 37083 37085 37086 37087 37089 37090 37091 37092 37092 37093
 37094 37094 37096 37096

Array Size = 73
 38075 38057 38059 38089 38081 38043 38034 38055 38018 38028
 38092 38018 38065 38097 38024 38092 38035 38017 38075 38010
 38043 38021 38017 38040 38036 38045 38069 38000 38034 38000
 38037 38040 38044 38058 38094 38091 38021 38085 38012 38019
 38092 38092 38002 38049 38098 38055 38046 38090 38081 38073
 38005 38003 38000 38074 38019 38047 38037 38023 38043 38028
 38021 38010 38065 38061 38077 38012 38017 38044 38087 38093
 38075 38068 38023

Array Size = 75
 39000 39000 39001 39004 39004 39005 39007 39007 39010 39012
 39012 39013 39015 39015 39017 39018 39020 39021 39022 39023
 39024 39025 39026 39026 39026 39028 39030 39031 39032 39034
 39034 39034 39035 39038 39040 39041 39042 39042 39047 39048
 39051 39051 39051 39051 39054 39057 39057 39058 39060 39061
 39062 39063 39065 39065 39066 39066 39068 39069 39070 39070
 39074 39074 39076 39083 39084 39086 39086 39087 39089 39090
 39090 39093 39094 39094 39095

Array Size = 77
 40046 40054 40075 40067 40024 40047 40073 40079 40048 40054
 40000 40033 40062 40016 40084 40073 40039 40010 40042 40082
 40007 40057 40090 40083 40081 40044 40002 40035 40044 40072
 40035 40005 40078 40052 40094 40022 40095 40085 40009 40084
 40004 40098 40092 40061 40028 40073 40030 40071 40022 40016
 40071 40058 40099 40051 40077 40050 40062 40033 40077 40071
 40007 40044 40088 40014 40002 40013 40026 40081 40061 40021
 40065 40040 40001 40023 40041 40012 40020

Array Size = 39
 41000 41001 41002 41003 41003 41004 41007 41007 41014 41015
 41032 41034 41035 41035 41039 41043 41045 41048 41055 41057
 41060 41061 41062 41062 41063 41063 41064 41065 41067 41069
 41071 41077 41078 41079 41089 41089 41091 41091 41095

Array Size = 48
 42007 42025 42010 42025 42062 42087 42002 42025 42047 42038
 42051 42057 42024 42019 42045 42074 42052 42003 42045 42074
 42093 42002 42048 42076 42056 42042 42051 42079 42029 42040
 42003 42046 42001 42069 42032 42007 42050 42038 42018 42059
 42083 42079 42033 42055 42076 42045 42027 42080

Array Size = 86
 43000 43003 43005 43005 43006 43007 43007 43008 43009 43009
 43010 43010 43012 43014 43014 43014 43018 43018 43019 43019
 43019 43019 43022 43023 43025 43025 43025 43026 43029 43030
 43030 43030 43030 43031 43032 43032 43034 43036 43037 43039
 43039 43040 43041 43043 43045 43046 43047 43050 43050 43051
 43051 43053 43053 43054 43054 43054 43058 43059 43060 43060
 43061 43061 43063 43066 43069 43069 43069 43069 43070 43071
 43071 43073 43075 43078 43078 43082 43085 43086 43088 43090
 43091 43093 43095 43097 43099 43099

Array Size = 26
 44095 44014 44092 44026 44038 44078 44026 44029 44050 44087
 44035 44042 44037 44027 44083 44025 44018 44078 44054 44090
 44015 44057 44080 44092 44009 44021

Array Size = 17
 45003 45006 45007 45009 45014 45022 45025 45027 45032 45044
 45045 45049 45051 45067 45071 45077 45080

Array Size = 91
 46034 46075 46003 46075 46028 46052 46093 46059 46085 46038
 46061 46024 46085 46097 46029 46075 46046 46064 46039 46012
 46036 46028 46089 46080 46024 46012 46091 46015 46091 46096
 46064 46088 46071 46081 46065 46046 46066 46033 46085 46061
 46088 46040 46029 46013 46004 46019 46030 46007 46045 46069
 46056 46015 46007 46095 46010 46003 46014 46020 46059 46018
 46017 46035 46060 46057 46003 46043 46057 46046 46045 46047
 46031 46077 46000 46091 46046 46026 46002 46086 46012 46060
 46027 46075 46051 46046 46071 46036 46085 46004 46062 46002
 46011

Array Size = 20
 47001 47009 47013 47019 47021 47032 47033 47035 47037 47045
 47056 47057 47062 47065 47066 47068 47069 47073 47076 47088


Array Size = 49
 48055 48078 48020 48075 48012 48066 48026 48021 48072 48002
 48057 48049 48001 48041 48063 48008 48040 48031 48092 48024
 48054 48038 48084 48048 48016 48069 48069 48039 48050 48067
 48019 48090 48045 48071 48079 48014 48029 48067 48055 48030
 48043 48057 48023 48068 48035 48063 48057 48034 48073

Array Size = 74
 49002 49002 49005 49006 49007 49008 49008 49009 49012 49015
 49016 49017 49018 49019 49024 49024 49025 49025 49026 49026
 49027 49032 49033 49037 49038 49038 49038 49039 49041 49043
 49044 49048 49049 49049 49054 49055 49055 49056 49058 49058
 49059 49060 49060 49061 49063 49070 49072 49073 49073 49074
 49075 49075 49076 49077 49077 49077 49077 49080 49081 49081
 49081 49085 49085 49088 49088 49089 49089 49090 49094 49097
 49097 49098 49098 49099

Array Size = 56
 50009 50079 50056 50024 50005 50023 50050 50068 50087 50041
 50075 50033 50047 50054 50091 50065 50050 50031 50095 50058
 50041 50023 50090 50023 50087 50026 50075 50005 50084 50086
 50021 50035 50060 50002 50061 50054 50003 50014 50089 50082
 50080 50063 50034 50020 50079 50027 50092 50080 50020 50095
 50050 50034 50087 50010 50005 50084

Array Size = 43
 51000 51000 51000 51003 51008 51011 51015 51017 51018 51018
 51026 51029 51029 51029 51030 51032 51032 51037 51045 51045
 51049 51049 51052 51059 51063 51064 51067 51067 51067 51069
 51071 51071 51072 51072 51076 51077 51081 51082 51083 51087
 51087 51093 51098

Array Size = 93
 52037 52051 52018 52013 52002 52070 52009 52056 52024 52068
 52056 52049 52059 52055 52041 52090 52008 52087 52061 52081
 52063 52094 52016 52065 52007 52012 52079 52044 52051 52008
 52085 52038 52039 52018 52020 52043 52037 52028 52048 52023
 52078 52041 52048 52033 52072 52064 52040 52017 52039 52047
 52062 52098 52002 52051 52037 52098 52098 52043 52013 52000
 52062 52034 52044 52082 52026 52025 52069 52060 52011 52048
 52061 52057 52077 52000 52064 52020 52056 52067 52074 52084
 52009 52021 52091 52054 52030 52039 52074 52001 52059 52071
 52012 52099 52042

Array Size = 76
 53003 53003 53004 53005 53006 53008 53008 53009 53014 53014
 53014 53016 53017 53017 53021 53025 53027 53028 53029 53030
 53030 53030 53035 53036 53041 53042 53046 53047 53048 53050
 53051 53053 53054 53057 53057 53058 53058 53061 53061 53066
 53067 53067 53067 53068 53068 53070 53072 53072 53072 53072
 53072 53074 53074 53075 53076 53077 53077 53079 53082 53083
 53084 53087 53087 53088 53090 53093 53094 53095 53095 53096
 53096 53097 53097 53097 53098 53098

Array Size = 72
 54022 54021 54055 54082 54054 54096 54067 54023 54043 54055
 54050 54067 54070 54047 54069 54062 54080 54093 54095 54017
 54023 54047 54025 54026 54025 54051 54062 54062 54018 54096
 54034 54000 54026 54069 54098 54028 54012 54043 54061 54066
 54037 54032 54063 54031 54020 54029 54017 54061 54000 54048
 54029 54021 54012 54057 54036 54058 54064 54011 54005 54072
 54040 54028 54019 54069 54020 54042 54021 54019 54058 54006
 54080 54009

Array Size = 79
 55001 55003 55006 55006 55007 55007 55011 55011 55012 55017
 55019 55019 55020 55021 55021 55022 55022 55022 55025 55027
 55028 55029 55031 55032 55032 55034 55035 55038 55038 55038
 55039 55039 55040 55044 55044 55046 55046 55048 55052 55052
 55057 55057 55057 55057 55058 55059 55061 55065 55067 55068
 55069 55069 55071 55072 55072 55073 55073 55073 55074 55076
 55077 55079 55081 55081 55082 55086 55087 55087 55088 55088
 55088 55089 55090 55093 55094 55095 55097 55098 55098

Array Size = 40
 56031 56056 56039 56097 56046 56021 56070 56067 56064 56097
 56006 56017 56041 56001 56027 56057 56064 56016 56018 56001
 56084 56016 56037 56080 56085 56037 56091 56043 56020 56079
 56075 56027 56006 56080 56087 56056 56061 56017 56011 56044


Array Size = 38
 57004 57009 57011 57016 57021 57027 57028 57028 57029 57034
 57035 57036 57038 57039 57042 57049 57050 57051 57051 57053
 57057 57058 57059 57061 57068 57071 57076 57076 57078 57079
 57082 57083 57083 57085 57095 57096 57097 57098

Array Size = 80
 58069 58076 58028 58011 58069 58067 58093 58021 58043 58028
 58077 58054 58009 58015 58067 58021 58081 58092 58092 58015
 58042 58066 58037 58017 58087 58089 58063 58034 58061 58033
 58028 58019 58005 58018 58092 58038 58064 58000 58019 58097
 58056 58071 58092 58084 58032 58083 58079 58039 58038 58071
 58063 58092 58091 58033 58066 58009 58086 58087 58082 58063
 58093 58016 58066 58017 58014 58010 58046 58027 58023 58004
 58048 58053 58052 58038 58098 58019 58097 58076 58012 58098


Array Size = 25
 59006 59009 59009 59010 59014 59016 59016 59017 59029 59029
 59035 59040 59045 59046 59051 59054 59057 59063 59069 59083
 59085 59088 59091 59094 59098

Array Size = 47
 60083 60026 60037 60089 60052 60070 60041 60065 60045 60066
 60006 60067 60048 60077 60065 60064 60015 60094 60095 60038
 60081 60073 60022 60038 60079 60032 60019 60064 60015 60022
 60090 60072 60055 60071 60064 60007 60091 60020 60099 60052
 60041 60081 60004 60079 60033 60053 60014

Array Size = 92
 61000 61001 61002 61005 61005 61006 61007 61009 61010 61015
 61015 61016 61017 61017 61020 61020 61020 61021 61022 61022
 61023 61023 61025 61031 61032 61032 61033 61036 61037 61038
 61038 61039 61040 61040 61041 61041 61041 61044 61045 61047
 61047 61048 61048 61049 61049 61050 61051 61052 61053 61053
 61055 61055 61058 61058 61058 61058 61060 61061 61062 61064
 61065 61066 61070 61070 61071 61073 61075 61075 61075 61076
 61077 61078 61080 61083 61084 61084 61084 61085 61085 61087
 61087 61088 61091 61092 61094 61094 61095 61096 61096 61096
 61098 61098

Array Size = 30
 62098 62005 62024 62012 62067 62008 62058 62039 62070 62012
 62007 62061 62043 62066 62084 62062 62069 62057 62060 62053
 62077 62061 62087 62057 62064 62027 62096 62095 62045 62059


Array Size = 82
 63000 63002 63004 63004 63005 63006 63006 63006 63009 63011
 63011 63011 63012 63014 63014 63014 63018 63019 63022 63022
 63023 63024 63025 63026 63026 63026 63027 63028 63029 63029
 63029 63033 63035 63036 63037 63042 63044 63044 63045 63046
 63048 63049 63049 63050 63050 63053 63054 63056 63058 63060
 63060 63060 63060 63061 63061 63064 63066 63067 63069 63071
 63072 63073 63073 63073 63075 63076 63077 63078 63078 63078
 63080 63080 63084 63086 63088 63089 63090 63093 63094 63095
 63099 63099

Array Size = 63
 64050 64040 64067 64071 64017 64000 64038 64013 64077 64029
 64063 64081 64039 64029 64070 64049 64004 64047 64061 64033
 64057 64054 64072 64036 64081 64033 64096 64099 64095 64072
 64035 64047 64054 64054 64075 64094 64077 64061 64051 64061
 64057 64055 64076 64006 64079 64072 64097 64043 64091 64002
 64031 64093 64086 64056 64046 64005 64008 64051 64078 64011
 64087 64091 64085

Array Size = 16
 65000 65005 65014 65017 65026 65027 65028 65044 65045 65047
 65050 65066 65070 65079 65087 65098

Array Size = 75
 66093 66052 66076 66094 66057 66092 66075 66015 66057 66030
 66064 66009 66072 66040 66003 66043 66059 66053 66039 66040
 66039 66018 66084 66045 66065 66001 66023 66033 66035 66019
 66096 66025 66052 66069 66074 66024 66037 66050 66000 66058
 66002 66068 66096 66033 66052 66090 66008 66043 66051 66030
 66070 66085 66089 66025 66011 66096 66041 66084 66078 66074
 66015 66063 66001 66028 66069 66088 66088 66042 66084 66049
 66091 66028 66017 66049 66016

Array Size = 37
 67003 67004 67006 67007 67009 67015 67015 67018 67024 67025
 67026 67026 67031 67033 67037 67039 67040 67045 67053 67054
 67056 67058 67061 67066 67069 67069 67070 67074 67076 67078
 67079 67079 67086 67091 67093 67094 67099

Array Size = 66
 68050 68059 68053 68077 68068 68011 68045 68033 68052 68026
 68081 68041 68098 68010 68063 68049 68086 68089 68034 68005
 68040 68027 68007 68089 68056 68088 68038 68018 68042 68090
 68047 68007 68072 68018 68013 68062 68006 68064 68010 68093
 68035 68043 68068 68096 68012 68055 68097 68001 68031 68025
 68029 68077 68012 68033 68024 68061 68022 68013 68040 68057
 68051 68028 68014 68043 68025 68087

Array Size = 65
 69008 69008 69009 69012 69012 69012 69013 69017 69020 69021
 69021 69022 69022 69025 69025 69026 69026 69027 69027 69028
 69030 69031 69031 69031 69037 69037 69040 69042 69045 69047
 69048 69049 69051 69051 69053 69054 69056 69066 69068 69070
 69071 69073 69074 69076 69076 69077 69078 69081 69082 69082
 69083 69083 69084 69085 69086 69086 69087 69088 69092 69092
 69093 69093 69094 69097 69099

Array Size = 38
 70003 70042 70018 70058 70073 70035 70007 70030 70045 70052
 70000 70014 70093 70065 70080 70047 70086 70057 70074 70062
 70079 70038 70040 70082 70016 70088 70041 70015 70063 70017
 70029 70009 70026 70096 70000 70013 70050 70064

Array Size = 47
 71001 71002 71002 71007 71011 71012 71013 71015 71016 71017
 71019 71022 71023 71024 71028 71029 71030 71033 71035 71039
 71039 71040 71043 71047 71048 71050 71054 71056 71058 71061
 71063 71068 71068 71070 71070 71072 71075 71076 71078 71081
 71084 71086 71089 71089 71090 71093 71093

Array Size = 26
 72015 72032 72045 72071 72045 72051 72005 72072 72007 72063
 72078 72022 72048 72045 72020 72017 72017 72004 72067 72069
 72067 72021 72083 72077 72043 72042

Array Size = 50
 73000 73001 73003 73006 73014 73015 73021 73022 73023 73023
 73026 73030 73030 73031 73031 73031 73033 73037 73037 73046
 73048 73048 73051 73052 73053 73053 73057 73059 73060 73060
 73061 73061 73061 73062 73063 73064 73067 73070 73072 73080
 73082 73085 73087 73087 73089 73090 73094 73094 73095 73097


Array Size = 72
 74003 74082 74050 74071 74074 74034 74010 74095 74014 74035
 74006 74021 74027 74068 74015 74040 74063 74051 74044 74066
 74007 74057 74039 74023 74057 74057 74074 74020 74083 74081
 74021 74000 74057 74031 74071 74031 74024 74001 74070 74061
 74054 74020 74007 74033 74073 74015 74082 74095 74049 74056
 74007 74069 74031 74054 74016 74005 74056 74045 74045 74009
 74044 74043 74022 74027 74092 74080 74044 74033 74033 74008
 74093 74098

Array Size = 19
 75003 75006 75012 75022 75024 75025 75034 75044 75056 75057
 75065 75068 75078 75081 75082 75087 75094 75097 75098

Array Size = 22
 76031 76073 76001 76065 76097 76084 76018 76019 76017 76019
 76075 76062 76021 76080 76000 76047 76060 76056 76020 76052
 76031 76013

Array Size = 61
 77001 77001 77001 77002 77003 77014 77014 77015 77015 77017
 77018 77018 77020 77020 77031 77034 77035 77035 77035 77037
 77041 77043 77044 77044 77044 77045 77046 77048 77051 77051
 77053 77054 77055 77057 77058 77058 77058 77061 77061 77062
 77065 77065 77065 77066 77067 77068 77073 77073 77077 77079
 77081 77082 77082 77084 77088 77089 77091 77092 77093 77097
 77098

Array Size = 36
 78047 78073 78027 78012 78022 78027 78012 78035 78008 78074
 78094 78028 78061 78071 78092 78080 78020 78045 78010 78005
 78020 78005 78055 78038 78034 78033 78096 78001 78072 78072
 78074 78022 78074 78066 78011 78028

Array Size = 14
 79002 79009 79021 79029 79043 79046 79049 79058 79059 79072
 79080 79087 79090 79098

Array Size = 78
 80063 80035 80075 80074 80072 80046 80002 80037 80045 80060
 80092 80070 80078 80068 80064 80072 80076 80015 80031 80091
 80085 80057 80008 80090 80084 80005 80009 80092 80018 80018
 80040 80085 80061 80052 80040 80059 80091 80024 80012 80049
 80036 80052 80071 80053 80084 80062 80010 80007 80052 80024
 80044 80040 80025 80090 80073 80045 80099 80012 80089 80070
 80035 80024 80071 80072 80020 80043 80024 80017 80025 80049
 80039 80014 80085 80056 80000 80062 80021 80009

Array Size = 97
 81000 81001 81001 81003 81004 81004 81004 81005 81007 81008
 81009 81010 81010 81012 81012 81013 81013 81013 81019 81020
 81021 81022 81022 81023 81023 81025 81025 81026 81026 81027
 81028 81032 81034 81035 81035 81036 81037 81038 81039 81041
 81041 81043 81044 81044 81044 81045 81045 81045 81046 81047
 81049 81050 81051 81055 81055 81056 81056 81057 81058 81060
 81062 81063 81064 81065 81066 81069 81069 81070 81071 81072
 81073 81074 81075 81076 81076 81076 81076 81077 81078 81079
 81079 81081 81082 81085 81086 81086 81087 81089 81090 81092
 81095 81097 81097 81097 81098 81098 81099

Array Size = 62
 82048 82049 82088 82022 82013 82085 82071 82057 82024 82007
 82076 82074 82028 82017 82095 82030 82096 82046 82008 82017
 82002 82062 82069 82003 82065 82099 82047 82070 82075 82041
 82074 82078 82022 82091 82055 82007 82073 82067 82010 82015
 82004 82006 82005 82015 82047 82081 82082 82010 82011 82032
 82054 82090 82021 82079 82066 82098 82096 82048 82040 82010
 82065 82088

Array Size = 80
 83007 83011 83011 83013 83013 83014 83015 83018 83020 83020
 83020 83024 83025 83026 83026 83027 83028 83028 83029 83029
 83030 83031 83031 83031 83034 83034 83035 83035 83035 83035
 83036 83036 83037 83039 83041 83042 83042 83047 83049 83050
 83051 83052 83053 83053 83054 83055 83058 83058 83059 83059
 83060 83062 83064 83066 83066 83066 83067 83071 83073 83074
 83074 83077 83080 83081 83081 83081 83082 83083 83084 83084
 83084 83085 83090 83091 83092 83093 83096 83097 83097 83098


Array Size = 94
 84045 84063 84009 84077 84010 84004 84049 84080 84052 84080
 84092 84022 84039 84003 84061 84035 84011 84023 84029 84000
 84099 84024 84085 84090 84050 84095 84019 84092 84034 84033
 84097 84015 84040 84077 84021 84052 84002 84063 84042 84021
 84002 84022 84005 84066 84005 84025 84095 84066 84063 84017
 84075 84045 84082 84009 84016 84098 84032 84098 84046 84067
 84016 84013 84081 84068 84081 84090 84012 84072 84021 84016
 84007 84061 84074 84080 84017 84027 84029 84017 84057 84035
 84023 84022 84035 84058 84061 84020 84034 84043 84001 84017
 84085 84032 84096 84039

Array Size = 27
 85013 85017 85018 85024 85030 85033 85035 85037 85039 85045
 85047 85056 85057 85058 85058 85061 85063 85069 85071 85078
 85086 85090 85091 85093 85094 85097 85099

Array Size = 38
 86071 86054 86088 86012 86066 86006 86005 86039 86079 86051
 86070 86083 86095 86011 86044 86052 86080 86027 86062 86019
 86076 86063 86004 86064 86023 86073 86046 86031 86083 86054
 86078 86052 86056 86041 86029 86050 86007 86025

Array Size = 79
 87001 87002 87004 87006 87007 87007 87009 87010 87011 87012
 87013 87013 87013 87015 87016 87016 87016 87018 87019 87022
 87024 87025 87027 87027 87028 87031 87031 87032 87033 87037
 87038 87040 87041 87041 87041 87042 87043 87052 87053 87055
 87056 87057 87057 87058 87059 87060 87062 87062 87063 87063
 87064 87066 87066 87067 87069 87077 87078 87078 87078 87078
 87079 87080 87080 87080 87085 87085 87087 87089 87090 87090
 87091 87092 87093 87094 87094 87095 87096 87096 87099

Array Size = 63
 88097 88053 88093 88067 88021 88065 88053 88003 88049 88033
 88012 88061 88097 88047 88064 88046 88094 88055 88020 88008
 88014 88082 88037 88057 88078 88045 88062 88087 88016 88056
 88065 88062 88087 88062 88051 88000 88044 88059 88078 88051
 88000 88090 88044 88018 88001 88011 88083 88058 88031 88072
 88092 88032 88014 88056 88097 88002 88097 88016 88074 88035
 88003 88076 88076

Array Size = 47
 89000 89003 89009 89010 89010 89012 89013 89015 89025 89027
 89034 89036 89036 89037 89039 89040 89040 89040 89041 89043
 89051 89051 89051 89053 89055 89056 89059 89060 89061 89061
 89062 89069 89071 89072 89072 89081 89081 89082 89082 89085
 89087 89088 89088 89090 89090 89094 89096

Array Size = 22
 90002 90004 90037 90018 90033 90071 90062 90075 90015 90060
 90069 90083 90004 90056 90035 90082 90022 90016 90019 90035
 90092 90072

Array Size = 47
 91004 91005 91006 91006 91007 91007 91021 91024 91025 91026
 91028 91031 91032 91033 91034 91034 91036 91037 91042 91047
 91048 91049 91049 91050 91050 91053 91054 91054 91056 91056
 91059 91060 91062 91064 91064 91067 91069 91073 91075 91077
 91078 91086 91086 91093 91095 91096 91096

Array Size = 38
 92070 92035 92052 92070 92093 92023 92075 92037 92010 92033
 92018 92072 92084 92058 92016 92003 92087 92076 92097 92004
 92069 92062 92016 92065 92044 92060 92030 92088 92074 92003
 92049 92049 92066 92044 92045 92042 92043 92080

Array Size = 41
 93000 93001 93004 93006 93007 93008 93008 93009 93013 93018
 93026 93033 93035 93036 93039 93041 93043 93044 93053 93054
 93056 93059 93061 93065 93066 93066 93069 93069 93071 93073
 93074 93074 93076 93076 93076 93077 93078 93086 93088 93088
 93093

Array Size = 32
 94072 94032 94066 94054 94029 94044 94097 94064 94021 94026
 94091 94068 94080 94069 94001 94050 94026 94012 94054 94075
 94067 94065 94095 94072 94007 94014 94006 94012 94002 94021
 94034 94049

Array Size = 48
 95002 95003 95004 95009 95012 95013 95015 95015 95016 95017
 95018 95023 95024 95026 95027 95030 95031 95034 95034 95034
 95036 95036 95041 95042 95042 95045 95047 95047 95048 95050
 95057 95057 95064 95064 95065 95067 95071 95075 95077 95078
 95080 95086 95086 95088 95088 95094 95098 95099

Array Size = 95
 96006 96038 96074 96031 96096 96098 96046 96099 96089 96038
 96054 96066 96071 96082 96076 96085 96067 96078 96093 96005
 96049 96038 96014 96068 96009 96033 96079 96073 96026 96043
 96060 96082 96086 96045 96087 96013 96003 96027 96000 96006
 96000 96019 96031 96085 96055 96025 96039 96087 96051 96006
 96060 96083 96050 96062 96048 96002 96001 96047 96027 96025
 96081 96065 96054 96031 96093 96003 96078 96091 96045 96049
 96069 96003 96003 96076 96086 96031 96031 96035 96082 96041
 96001 96014 96098 96095 96030 96049 96099 96039 96068 96084
 96054 96045 96020 96077 96051

Array Size = 85
 97000 97000 97002 97004 97006 97006 97007 97007 97010 97010
 97010 97012 97012 97014 97014 97017 97017 97018 97018 97022
 97023 97023 97023 97024 97027 97030 97031 97032 97033 97034
 97035 97037 97037 97037 97037 97037 97039 97039 97039 97040
 97043 97045 97047 97048 97053 97053 97054 97055 97055 97055
 97055 97056 97059 97059 97060 97060 97063 97065 97067 97067
 97068 97068 97069 97070 97071 97071 97074 97074 97074 97075
 97077 97077 97078 97079 97080 97082 97082 97085 97085 97086
 97090 97093 97093 97095 97097

Array Size = 63
 98088 98017 98068 98079 98076 98010 98006 98050 98038 98011
 98001 98059 98087 98038 98066 98099 98054 98090 98046 98085
 98095 98088 98081 98090 98007 98065 98098 98020 98003 98012
 98097 98044 98012 98035 98016 98017 98063 98059 98024 98010
 98098 98002 98029 98040 98026 98041 98015 98021 98008 98075
 98075 98042 98036 98084 98073 98016 98061 98083 98075 98067
 98011 98072 98095

Array Size = 74
 99000 99001 99001 99001 99002 99006 99012 99012 99013 99013
 99015 99017 99018 99022 99023 99024 99026 99026 99027 99027
 99030 99032 99035 99036 99037 99038 99039 99041 99041 99041
 99042 99043 99043 99044 99045 99045 99046 99049 99050 99051
 99051 99051 99052 99053 99053 99055 99057 99059 99059 99059
 99060 99061 99061 99064 99064 99068 99068 99068 99070 99072
 99074 99074 99075 99076 99079 99079 99079 99081 99085 99092
 99092 99094 99094 99096
9009 99009 99010 99010
 99017 99018 99018 99020 99023 99028 99030 99032 99032 99034
 99036 99037 99039 99039 99041 99043 99047 99048 99048 99048
 99049 99049 99050 99051 99051 99052 99055 99056 99059 99061
 99062 99062 99062 99062 99067 99070 99072 99072 99072 99073
 99074 99074 99074 99077 99077 99077 99077 99080 99081 99085
 99086 99086 99088 99092 99092 99093 99094 99095 99095 99096
 99097 99098 99099 99099 99099
65 96011 96090 96097 96086 96012 96030 96066 96059
 96052 96044 96021 96088 96068 96074 96092 96098 96000 96070
 96013 96072 96049 96053 96008 96057 96075 96059 96067 96095
 96032 96052 96044 96090 96016 96025 96070 96050 96041 96007
 96093 96016 96031 96029

Array Size = 52
 97000 97001 97003 97004 97004 97008 97011 97011 97013 97018
 97018 97019 97020 97024 97024 97024 97026 97027 97030 97030
 97030 97031 97035 97036 97039 97039 97040 97042 97043 97044
 97046 97047 97048 97055 97056 97057 97058 97059 97061 97064
 97065 97067 97067 97070 97077 97078 97078 97079 97082 97083
 97088 97097

Array Size = 58
 98055 98097 98046 98085 98074 98088 98066 98084 98043 98067
 98046 98078 98035 98073 98041 98077 98059 98026 98083 98051
 98050 98020 98053 98091 98093 98013 98064 98012 98089 98018
 98017 98009 98070 98077 98001 98080 98023 98060 98009 98079
 98046 98078 98053 98095 98019 98036 98040 98001 98096 98002
 98078 98099 98004 98022 98030 98034 98003 98029

Array Size = 90
 99000 99002 99003 99004 99006 99006 99008 99009 99010 99011
 99012 99014 99014 99015 99015 99019 99020 99023 99023 99024
 99025 99025 99025 99025 99026 99026 99028 99033 99034 99036
 99037 99038 99040 99040 99042 99042 99044 99045 99045 99045
 99048 99050 99051 99054 99054 99054 99055 99056 99056 99057
 99059 99060 99062 99062 99063 99066 99068 99070 99071 99071
 99073 99073 99074 99075 99077 99080 99080 99081 99081 99081
 99082 99087 99087 99091 99091 99092 99093 99093 99093 99093
 99093 99094 99097 99097 99097 99097 99098 99098 99099 99099

