
Array Size = 50
    62    18    76     9    48     1    52    94    27    25
    14    24    93    84    64    95    88    29    60    11
    92    52    53    13    14    79    44    64    90    15
    92    22    52    55    75    57    28     5    50    94
     2    93    86    36    46    94    19     5    61     9


Array Size = 50
  1054  1043  1026  1031  1046  1014  1079  1023  1095  1093
  1019  1098  1010  1005  1037  1054  1091  1084  1022  1064
  1021  1083  1063  1085  1051  1094  1007  1067  1017  1075
  1047  1083  1047  1099  1003  1049  1073  1098  1015  1065
  1003  1065  1031  1037  1060  1036  1063  1075  1043  1043


Array Size = 50
  2074  2045  2019  2020  2012  2011  2029  2054  2056  2007
  2039  2084  2031  2051  2060  2011  2088  2022  2037  2088
  2072  2021  2063  2066  2011  2061  2094  2098  2092  2049
  2023  2049  2073  2025  2047  2013  2033  2038  2061  2042
  2047  2069  2015  2075  2001  2027  2001  2086  2074  2009


Array Size = 50
  3051  3085  3064  3085  3037  3098  3055  3015  3014  3037
  3068  3072  3025  3088  3047  3040  3074  3067  3064  3092
  3083  3029  3078  3009  3040  3051  3086  3084  3098  3048
  3028  3064  3097  3060  3013  3074  3039  3058  3066  3049
  3042  3049  3066  3057  3029  3076  3002  3070  3009  3014


Array Size = 50
  4044  4093  4022  4062  4062  4033  4053  4091  4095  4005
  4055  4089  4003  4083  4029  4000  4026  4024  4033  4077
  4099  4089  4056  4033  4054  4054  4018  4096  4078  4026
  4096  4042  4077  4085  4077  4051  4001  4044  4097  4084
  4098  4011  4093  4060  4050  4062  4050  4064  4012  4013


Array Size = 50
  5087  5040  5092  5069  5060  5073  5099  5003  5035  5000
  5094  5082  5067  5054  5016  5050  5011  5063  5037  5064
  5086  5029  5018  5008  5001  5097  5016  5033  5006  5044
  5054  5010  5020  5026  5071  5088  5038  5001  5018  5094
  5037  5024  5010  5023  5089  5057  5094  5082  5033  5019


Array Size = 50
  6022  6041  6049  6058  6048  6029  6048  6048  6073  6022
  6038  6086  6011  6005  6005  6077  6023  6080  6061  6009
  6021  6035  6090  6089  6026  6027  6060  6099  6045  6025
  6059  6059  6060  6064  6061  6048  6072  6011  6044  6089
  6082  6099  6098  6091  6093  6004  6036  6010  6009  6065


Array Size = 50
  7050  7041  7070  7008  7067  7055  7061  7052  7034  7095
  7051  7020  7069  7016  7012  7062  7017  7089  7041  7083
  7031  7011  7035  7076  7064  7019  7027  7031  7097  7004
  7049  7084  7047  7041  7048  7030  7082  7096  7035  7057
  7092  7078  7057  7026  7041  7067  7030  7042  7078  7024


Array Size = 50
  8015  8052  8095  8060  8061  8024  8002  8063  8076  8029
  8015  8054  8010  8095  8009  8000  8087  8018  8052  8074
  8082  8075  8062  8092  8095  8093  8074  8035  8053  8097
  8088  8056  8042  8006  8071  8025  8062  8015  8030  8077
  8007  8062  8061  8061  8076  8051  8060  8049  8023  8068


Array Size = 50
  9027  9054  9093  9087  9070  9035  9034  9073  9032  9017
  9064  9020  9003  9086  9047  9041  9005  9088  9013  9092
  9091  9011  9057  9029  9076  9021  9071  9090  9041  9045
  9013  9027  9056  9043  9041  9076  9065  9057  9082  9014
  9062  9074  9094  9045  9092  9071  9018  9075  9093  9000


Array Size = 50
 10051 10099 10081 10074 10061 10002 10028 10079 10002 10015
 10085 10027 10057 10018 10036 10056 10046 10038 10026 10030
 10038 10041 10037 10091 10021 10070 10052 10071 10055 10092
 10041 10050 10013 10024 10049 10090 10009 10071 10015 10026
 10073 10015 10019 10038 10028 10051 10048 10095 10022 10071


Array Size = 50
 11076 11026 11096 11050 11048 11039 11057 11041 11031 11056
 11086 11086 11050 11004 11095 11037 11098 11073 11038 11021
 11034 11005 11085 11046 11081 11018 11038 11010 11064 11081
 11046 11022 11001 11034 11013 11026 11022 11065 11046 11060
 11089 11072 11098 11099 11079 11093 11043 11084 11037 11031


Array Size = 50
 12050 12087 12043 12006 12064 12017 12054 12001 12012 12009
 12073 12088 12059 12092 12072 12077 12073 12008 12045 12046
 12070 12068 12008 12062 12045 12063 12022 12070 12004 12000
 12009 12073 12073 12071 12069 12081 12099 12053 12018 12083
 12014 12016 12063 12098 12010 12032 12018 12038 12086 12038


Array Size = 50
 13068 13036 13090 13051 13008 13014 13059 13050 13037 13017
 13016 13049 13001 13027 13033 13011 13080 13094 13041 13015
 13050 13017 13002 13033 13023 13078 13085 13040 13099 13080
 13035 13094 13062 13038 13004 13038 13035 13088 13035 13032
 13044 13058 13045 13075 13036 13021 13005 13075 13053 13082


Array Size = 50
 14091 14012 14096 14071 14000 14048 14073 14073 14035 14022
 14088 14037 14048 14024 14083 14049 14079 14039 14038 14046
 14010 14080 14097 14052 14037 14014 14043 14073 14041 14026
 14061 14025 14067 14087 14053 14051 14077 14018 14010 14065
 14044 14053 14082 14013 14049 14000 14041 14066 14012 14031


Array Size = 50
 15043 15019 15020 15057 15056 15099 15006 15051 15084 15030
 15018 15011 15010 15015 15090 15010 15037 15050 15040 15096
 15034 15052 15008 15041 15098 15054 15024 15035 15024 15076
 15088 15091 15044 15025 15078 15029 15049 15094 15098 15077
 15054 15084 15004 15006 15083 15082 15059 15034 15062 15055


Array Size = 50
 16011 16019 16038 16070 16008 16048 16048 16052 16010 16031
 16067 16023 16008 16064 16075 16029 16092 16016 16040 16086
 16066 16025 16099 16007 16086 16057 16041 16005 16000 16034
 16036 16006 16005 16096 16056 16027 16039 16020 16041 16090
 16088 16051 16055 16056 16057 16020 16050 16061 16062 16034


Array Size = 50
 17037 17021 17011 17043 17031 17054 17045 17094 17028 17007
 17026 17068 17031 17066 17076 17067 17059 17086 17079 17004
 17017 17072 17053 17038 17018 17002 17094 17043 17055 17066
 17092 17089 17045 17087 17076 17092 17034 17033 17088 17072
 17004 17086 17030 17089 17081 17093 17040 17024 17070 17064


Array Size = 50
 18020 18093 18055 18061 18027 18041 18081 18096 18097 18088
 18083 18005 18063 18007 18096 18032 18067 18004 18091 18087
 18030 18046 18053 18024 18020 18082 18068 18078 18036 18011
 18086 18063 18049 18050 18050 18022 18096 18066 18072 18098
 18060 18000 18075 18000 18095 18040 18057 18020 18095 18068


Array Size = 50
 19043 19082 19057 19013 19038 19063 19000 19042 19061 19035
 19048 19017 19057 19040 19052 19031 19033 19020 19083 19049
 19048 19088 19022 19011 19046 19089 19010 19020 19061 19040
 19072 19032 19058 19049 19068 19031 19075 19015 19045 19055
 19046 19096 19076 19057 19014 19033 19049 19030 19058 19058


Array Size = 50
 20043 20018 20098 20088 20063 20012 20057 20062 20075 20069
 20076 20020 20012 20058 20066 20054 20099 20074 20082 20021
 20000 20083 20049 20074 20034 20012 20015 20078 20032 20079
 20069 20065 20058 20049 20002 20009 20022 20019 20067 20071
 20026 20014 20027 20048 20096 20020 20020 20049 20074 20038


Array Size = 50
 21039 21042 21056 21014 21005 21054 21029 21065 21029 21076
 21000 21071 21054 21088 21001 21013 21072 21070 21026 21045
 21051 21058 21051 21092 21075 21078 21016 21075 21023 21064
 21013 21054 21041 21051 21056 21006 21044 21087 21067 21093
 21024 21020 21077 21054 21034 21049 21091 21013 21067 21082


Array Size = 50
 22077 22071 22030 22013 22061 22063 22022 22017 22033 22081
 22072 22082 22033 22044 22009 22042 22098 22046 22036 22030
 22035 22051 22056 22035 22055 22021 22078 22082 22028 22086
 22065 22020 22028 22094 22047 22071 22092 22081 22060 22077
 22049 22011 22026 22067 22017 22018 22002 22043 22017 22086


Array Size = 50
 23028 23009 23060 23008 23068 23087 23019 23047 23029 23070
 23060 23075 23095 23025 23009 23013 23056 23015 23031 23087
 23077 23020 23019 23030 23076 23072 23020 23095 23018 23097
 23047 23005 23083 23037 23060 23048 23094 23020 23088 23016
 23013 23091 23028 23001 23005 23049 23096 23047 23066 23048


Array Size = 50
 24079 24071 24003 24054 24095 24082 24021 24097 24007 24039
 24028 24003 24031 24028 24095 24030 24032 24093 24071 24062
 24096 24082 24095 24067 24056 24071 24018 24057 24062 24032
 24027 24098 24009 24098 24048 24067 24046 24016 24090 24007
 24009 24034 24004 24085 24036 24083 24013 24033 24061 24098


Array Size = 50
 25081 25078 25003 25029 25066 25051 25046 25055 25082 25000
 25028 25002 25047 25050 25017 25085 25086 25005 25099 25016
 25007 25017 25058 25032 25053 25071 25048 25089 25055 25072
 25023 25045 25042 25026 25002 25028 25005 25007 25022 25079
 25030 25063 25058 25012 25055 25074 25026 25086 25087 25035


Array Size = 50
 26027 26027 26071 26078 26072 26067 26019 26039 26024 26039
 26060 26086 26070 26065 26077 26059 26046 26041 26043 26084
 26094 26011 26082 26092 26077 26045 26036 26051 26065 26077
 26091 26037 26052 26042 26009 26099 26017 26056 26060 26047
 26009 26080 26007 26084 26029 26065 26005 26016 26048 26026


Array Size = 50
 27093 27077 27088 27061 27034 27024 27064 27060 27058 27064
 27061 27055 27039 27079 27039 27058 27086 27067 27009 27092
 27072 27055 27097 27027 27018 27064 27021 27070 27070 27094
 27034 27049 27058 27060 27003 27064 27074 27081 27049 27095
 27022 27095 27010 27083 27042 27042 27045 27045 27065 27079


Array Size = 50
 28098 28043 28093 28006 28074 28056 28099 28049 28022 28033
 28021 28021 28073 28007 28073 28078 28050 28067 28044 28057
 28024 28089 28061 28014 28097 28001 28028 28041 28056 28024
 28088 28097 28061 28099 28090 28098 28002 28025 28055 28048
 28068 28074 28059 28052 28056 28031 28091 28073 28031 28046


Array Size = 50
 29036 29016 29007 29016 29008 29060 29088 29088 29032 29004
 29029 29006 29055 29065 29003 29057 29060 29073 29062 29047
 29009 29042 29072 29014 29087 29010 29015 29032 29066 29073
 29059 29039 29016 29091 29034 29011 29040 29038 29094 29004
 29003 29092 29063 29056 29065 29046 29001 29031 29031 29081


Array Size = 50
 30037 30071 30009 30059 30039 30001 30025 30034 30050 30081
 30016 30081 30073 30075 30095 30013 30002 30083 30051 30049
 30068 30066 30001 30033 30050 30047 30095 30067 30027 30002
 30067 30061 30041 30055 30073 30083 30095 30047 30095 30003
 30042 30085 30019 30034 30017 30058 30055 30019 30070 30032


Array Size = 50
 31098 31021 31050 31017 31017 31041 31030 31022 31083 31025
 31076 31079 31036 31079 31043 31003 31066 31003 31056 31049
 31020 31027 31014 31006 31039 31071 31062 31038 31095 31053
 31075 31031 31028 31024 31067 31020 31033 31096 31075 31059
 31089 31026 31079 31064 31069 31067 31041 31072 31082 31053


Array Size = 50
 32072 32024 32047 32004 32097 32002 32073 32068 32008 32001
 32010 32070 32008 32049 32025 32004 32047 32055 32033 32054
 32055 32035 32081 32071 32077 32098 32037 32084 32067 32022
 32064 32008 32097 32024 32053 32002 32041 32034 32053 32074
 32038 32078 32070 32063 32003 32045 32022 32078 32063 32090


Array Size = 50
 33057 33075 33008 33092 33038 33070 33098 33044 33067 33060
 33095 33089 33043 33092 33084 33049 33079 33050 33041 33033
 33065 33084 33059 33041 33019 33031 33009 33093 33067 33005
 33063 33026 33018 33013 33075 33010 33002 33043 33072 33016
 33050 33096 33027 33003 33006 33058 33014 33007 33079 33066


Array Size = 50
 34056 34059 34091 34038 34092 34072 34044 34031 34017 34056
 34045 34095 34067 34079 34066 34005 34078 34061 34061 34024
 34094 34058 34038 34024 34059 34023 34059 34041 34059 34084
 34023 34006 34058 34050 34023 34030 34036 34039 34013 34066
 34048 34024 34006 34083 34076 34055 34056 34050 34019 34048


Array Size = 50
 35080 35056 35018 35062 35039 35026 35004 35044 35030 35076
 35074 35068 35054 35069 35051 35001 35065 35075 35056 35014
 35019 35090 35070 35015 35025 35039 35056 35022 35023 35039
 35071 35066 35089 35036 35094 35088 35005 35092 35010 35086
 35024 35078 35015 35045 35035 35067 35037 35095 35012 35007


Array Size = 50
 36017 36084 36071 36059 36010 36046 36006 36044 36060 36076
 36094 36034 36023 36021 36063 36085 36040 36019 36070 36042
 36098 36008 36028 36065 36003 36003 36011 36038 36093 36054
 36094 36045 36096 36095 36070 36024 36067 36057 36076 36024
 36017 36090 36086 36036 36028 36023 36061 36094 36039 36024


Array Size = 50
 37071 37047 37090 37000 37099 37050 37090 37079 37010 37034
 37095 37060 37006 37036 37052 37079 37070 37046 37031 37000
 37075 37023 37012 37069 37045 37074 37079 37092 37070 37046
 37051 37085 37033 37097 37072 37087 37088 37046 37066 37016
 37038 37051 37075 37022 37053 37043 37065 37000 37063 37050


Array Size = 50
 38022 38050 38051 38038 38071 38081 38068 38081 38029 38000
 38098 38066 38053 38012 38008 38022 38091 38031 38009 38009
 38002 38036 38054 38075 38061 38050 38072 38096 38004 38052
 38047 38069 38061 38035 38013 38064 38068 38002 38031 38074
 38062 38048 38042 38064 38005 38036 38051 38076 38043 38065


Array Size = 50
 39063 39051 39046 39005 39034 39064 39045 39085 39086 39012
 39054 39032 39091 39060 39014 39034 39065 39022 39034 39094
 39044 39055 39018 39058 39002 39063 39009 39026 39055 39006
 39055 39094 39073 39010 39096 39078 39055 39051 39001 39063
 39020 39009 39029 39088 39011 39064 39018 39072 39031 39031


Array Size = 50
 40075 40068 40066 40031 40011 40056 40086 40091 40075 40069
 40094 40051 40002 40061 40079 40026 40040 40044 40054 40034
 40058 40018 40072 40031 40018 40003 40001 40012 40020 40050
 40045 40013 40039 40075 40053 40054 40022 40067 40001 40005
 40048 40007 40049 40033 40032 40030 40063 40019 40036 40007


Array Size = 50
 41006 41002 41067 41022 41032 41056 41092 41053 41005 41052
 41038 41041 41099 41096 41032 41003 41088 41012 41026 41000
 41055 41088 41074 41066 41058 41065 41028 41049 41052 41084
 41046 41083 41053 41079 41099 41050 41066 41054 41042 41068
 41086 41069 41054 41051 41031 41064 41085 41076 41047 41085


Array Size = 50
 42017 42034 42007 42086 42055 42042 42076 42065 42061 42001
 42007 42003 42071 42005 42004 42041 42031 42059 42068 42015
 42020 42098 42025 42025 42055 42088 42060 42024 42009 42034
 42034 42029 42014 42037 42088 42097 42084 42094 42045 42008
 42072 42071 42050 42006 42071 42000 42086 42022 42037 42041


Array Size = 50
 43076 43063 43034 43030 43040 43023 43011 43061 43089 43077
 43058 43061 43059 43007 43013 43073 43011 43089 43054 43057
 43018 43040 43091 43081 43067 43086 43091 43097 43086 43076
 43093 43061 43009 43050 43040 43020 43098 43020 43007 43024
 43060 43028 43092 43084 43085 43037 43039 43078 43097 43079


Array Size = 50
 44054 44062 44089 44038 44053 44022 44055 44039 44058 44044
 44041 44023 44027 44028 44082 44094 44056 44036 44033 44010
 44060 44096 44055 44017 44069 44010 44070 44065 44061 44099
 44081 44089 44019 44040 44024 44024 44013 44054 44063 44028
 44078 44012 44068 44030 44020 44012 44022 44096 44022 44011


Array Size = 50
 45049 45064 45075 45002 45096 45017 45081 45006 45063 45076
 45050 45029 45074 45021 45019 45058 45032 45027 45093 45061
 45081 45003 45026 45031 45040 45083 45038 45036 45040 45062
 45015 45049 45052 45022 45012 45025 45084 45007 45097 45025
 45098 45086 45009 45064 45079 45056 45074 45041 45004 45058


Array Size = 50
 46078 46066 46003 46069 46084 46028 46057 46030 46084 46046
 46086 46012 46084 46047 46084 46033 46072 46070 46065 46015
 46057 46081 46050 46063 46021 46024 46066 46010 46059 46076
 46081 46090 46008 46068 46027 46043 46041 46044 46000 46061
 46028 46099 46097 46087 46080 46034 46018 46028 46011 46078


Array Size = 50
 47055 47087 47013 47064 47032 47078 47016 47057 47057 47015
 47029 47089 47007 47024 47034 47003 47037 47080 47037 47093
 47093 47012 47097 47050 47049 47094 47079 47039 47089 47011
 47007 47059 47071 47066 47096 47044 47039 47058 47037 47064
 47010 47025 47021 47002 47090 47025 47080 47008 47073 47032


Array Size = 50
 48013 48054 48096 48032 48035 48083 48045 48040 48089 48095
 48050 48090 48032 48084 48076 48031 48010 48012 48005 48093
 48041 48079 48039 48038 48052 48016 48019 48031 48090 48069
 48079 48041 48007 48080 48052 48087 48019 48081 48076 48056
 48080 48083 48007 48076 48021 48064 48002 48067 48021 48002


Array Size = 50
 49088 49043 49082 49006 49032 49013 49040 49070 49085 49036
 49046 49029 49095 49046 49074 49089 49096 49028 49050 49019
 49089 49040 49026 49052 49088 49044 49040 49033 49031 49087
 49026 49045 49088 49070 49071 49060 49043 49043 49058 49051
 49026 49091 49092 49089 49031 49052 49093 49009 49011 49050


Array Size = 50
 50075 50019 50024 50004 50002 50014 50030 50084 50060 50009
 50019 50077 50047 50081 50055 50041 50044 50068 50041 50051
 50023 50078 50078 50036 50012 50090 50030 50033 50045 50055
 50063 50064 50017 50016 50010 50030 50064 50083 50023 50030
 50058 50053 50051 50064 50053 50042 50013 50000 50051 50060


Array Size = 50
 51078 51043 51051 51075 51011 51046 51041 51086 51097 51059
 51084 51071 51096 51090 51048 51047 51042 51071 51034 51048
 51075 51093 51096 51012 51040 51006 51067 51090 51057 51073
 51011 51022 51045 51027 51018 51043 51015 51048 51062 51064
 51084 51080 51062 51026 51086 51044 51040 51045 51029 51085


Array Size = 50
 52073 52079 52036 52067 52003 52058 52060 52058 52033 52048
 52082 52062 52095 52071 52036 52088 52025 52050 52071 52091
 52075 52072 52022 52001 52090 52015 52086 52015 52090 52067
 52007 52068 52049 52000 52069 52001 52048 52064 52068 52031
 52004 52016 52059 52025 52052 52068 52008 52081 52059 52058


Array Size = 50
 53035 53098 53039 53038 53072 53016 53048 53095 53011 53046
 53013 53022 53063 53051 53065 53038 53042 53050 53003 53030
 53002 53089 53043 53014 53093 53078 53016 53028 53030 53097
 53006 53097 53027 53089 53010 53038 53090 53056 53027 53088
 53074 53021 53090 53028 53061 53010 53074 53054 53021 53031


Array Size = 50
 54077 54051 54048 54086 54079 54032 54064 54073 54039 54004
 54009 54040 54024 54008 54005 54014 54075 54075 54013 54047
 54009 54052 54044 54059 54018 54069 54008 54009 54010 54043
 54078 54051 54086 54075 54064 54072 54027 54000 54016 54030
 54016 54064 54059 54064 54010 54076 54075 54091 54025 54087


Array Size = 50
 55071 55034 55003 55097 55071 55007 55026 55054 55017 55028
 55052 55070 55048 55080 55048 55099 55027 55070 55058 55010
 55023 55040 55007 55020 55006 55028 55048 55098 55015 55047
 55013 55023 55091 55022 55007 55001 55044 55007 55002 55070
 55034 55038 55006 55002 55087 55012 55004 55029 55099 55053


Array Size = 50
 56083 56059 56028 56097 56049 56094 56030 56035 56009 56075
 56044 56015 56001 56002 56004 56038 56097 56065 56045 56006
 56075 56035 56032 56025 56014 56050 56003 56099 56092 56089
 56035 56049 56000 56001 56087 56077 56019 56093 56095 56067
 56005 56055 56025 56097 56017 56031 56068 56045 56005 56048


Array Size = 50
 57071 57074 57004 57071 57014 57051 57065 57040 57059 57059
 57014 57083 57008 57008 57014 57077 57069 57048 57089 57070
 57022 57094 57012 57044 57003 57070 57041 57095 57052 57049
 57058 57027 57027 57059 57045 57015 57024 57010 57081 57077
 57040 57056 57037 57093 57051 57058 57085 57099 57003 57043


Array Size = 50
 58010 58027 58087 58006 58085 58069 58010 58022 58095 58015
 58032 58025 58078 58084 58090 58033 58036 58044 58026 58030
 58037 58027 58029 58031 58088 58052 58045 58030 58072 58069
 58079 58088 58026 58003 58044 58008 58044 58006 58040 58011
 58053 58085 58046 58085 58045 58022 58007 58079 58083 58071


Array Size = 50
 59096 59016 59098 59003 59099 59029 59030 59078 59081 59033
 59090 59031 59039 59040 59053 59079 59079 59026 59007 59023
 59063 59090 59015 59024 59019 59055 59027 59028 59017 59070
 59044 59082 59028 59055 59092 59085 59034 59046 59078 59033
 59060 59013 59063 59024 59057 59079 59098 59086 59001 59049


Array Size = 50
 60087 60084 60012 60030 60055 60058 60053 60058 60021 60050
 60067 60092 60005 60030 60006 60086 60031 60073 60058 60039
 60041 60074 60091 60030 60091 60000 60007 60062 60062 60026
 60013 60053 60046 60016 60099 60045 60041 60005 60023 60094
 60080 60001 60073 60039 60089 60019 60058 60056 60092 60037


Array Size = 50
 61049 61054 61015 61046 61056 61028 61097 61035 61094 61038
 61058 61090 61099 61032 61037 61047 61005 61034 61051 61008
 61088 61082 61012 61028 61012 61004 61026 61050 61075 61019
 61063 61036 61028 61038 61024 61041 61067 61028 61036 61046
 61039 61059 61057 61011 61044 61066 61080 61016 61045 61007


Array Size = 50
 62065 62071 62084 62043 62000 62022 62092 62006 62047 62068
 62011 62051 62021 62073 62033 62068 62033 62009 62078 62081
 62035 62044 62019 62010 62087 62070 62012 62011 62093 62037
 62004 62034 62018 62005 62076 62098 62006 62015 62006 62069
 62006 62027 62081 62080 62005 62081 62001 62070 62073 62073


Array Size = 50
 63023 63050 63095 63028 63028 63060 63081 63095 63041 63039
 63005 63058 63060 63088 63070 63004 63076 63044 63048 63012
 63003 63070 63051 63056 63029 63032 63024 63030 63098 63094
 63046 63018 63027 63038 63031 63039 63031 63018 63052 63009
 63009 63087 63020 63074 63081 63048 63077 63078 63021 63080


Array Size = 50
 64001 64066 64081 64077 64017 64060 64047 64070 64042 64075
 64038 64072 64022 64008 64013 64004 64014 64038 64040 64000
 64094 64001 64030 64057 64003 64082 64078 64096 64098 64066
 64026 64054 64049 64028 64002 64017 64067 64098 64022 64068
 64076 64038 64075 64040 64032 64000 64011 64045 64068 64060


Array Size = 50
 65013 65036 65046 65044 65021 65012 65011 65053 65090 65045
 65064 65043 65066 65008 65084 65058 65057 65074 65021 65097
 65042 65079 65066 65052 65032 65012 65061 65033 65095 65079
 65080 65072 65077 65098 65005 65083 65034 65029 65077 65056
 65043 65046 65052 65000 65075 65043 65070 65051 65068 65032


Array Size = 50
 66099 66046 66075 66012 66040 66082 66059 66059 66070 66021
 66010 66051 66095 66005 66039 66027 66059 66078 66032 66006
 66044 66030 66022 66039 66025 66055 66032 66050 66034 66080
 66001 66075 66012 66055 66020 66030 66084 66019 66036 66029
 66033 66065 66005 66082 66025 66091 66002 66009 66093 66083


Array Size = 50
 67083 67017 67062 67097 67041 67097 67017 67072 67003 67086
 67027 67022 67039 67038 67013 67090 67046 67003 67091 67087
 67078 67040 67078 67071 67091 67090 67023 67098 67011 67039
 67001 67083 67026 67098 67039 67054 67091 67000 67082 67033
 67088 67049 67032 67020 67050 67042 67074 67031 67064 67085


Array Size = 50
 68061 68001 68085 68079 68056 68030 68040 68064 68094 68079
 68050 68024 68081 68002 68067 68041 68098 68026 68045 68068
 68018 68010 68028 68077 68048 68014 68053 68092 68051 68081
 68065 68058 68089 68033 68024 68027 68094 68018 68089 68090
 68098 68093 68030 68044 68086 68027 68092 68046 68029 68098


Array Size = 50
 69077 69051 69005 69011 69009 69055 69046 69052 69071 69002
 69013 69074 69012 69080 69010 69045 69018 69025 69086 69064
 69031 69090 69031 69070 69030 69048 69090 69030 69024 69043
 69036 69021 69021 69053 69042 69082 69041 69028 69069 69080
 69085 69087 69076 69072 69003 69001 69011 69075 69036 69092


Array Size = 50
 70010 70076 70064 70020 70033 70008 70088 70092 70019 70028
 70053 70043 70021 70096 70013 70044 70018 70030 70084 70035
 70049 70030 70021 70007 70090 70002 70033 70029 70057 70076
 70014 70057 70047 70058 70012 70034 70098 70018 70016 70076
 70065 70007 70099 70030 70023 70099 70075 70068 70035 70009


Array Size = 50
 71044 71047 71058 71062 71065 71007 71084 71037 71089 71074
 71054 71071 71015 71083 71095 71090 71019 71038 71071 71085
 71087 71023 71004 71053 71050 71068 71087 71041 71008 71092
 71094 71025 71058 71092 71041 71040 71010 71098 71047 71076
 71057 71074 71089 71084 71015 71063 71063 71060 71099 71085


Array Size = 50
 72028 72074 72002 72058 72024 72051 72076 72010 72006 72014
 72045 72009 72094 72030 72082 72021 72078 72062 72050 72091
 72068 72015 72072 72001 72020 72072 72004 72023 72001 72058
 72080 72082 72004 72014 72084 72047 72023 72058 72003 72040
 72097 72098 72005 72061 72086 72014 72070 72013 72092 72096


Array Size = 50
 73009 73026 73073 73028 73018 73041 73009 73079 73008 73076
 73058 73010 73026 73020 73097 73002 73067 73012 73093 73069
 73055 73055 73045 73019 73029 73019 73090 73093 73023 73095
 73026 73086 73034 73056 73092 73083 73014 73018 73005 73041
 73062 73092 73017 73054 73092 73057 73041 73065 73045 73007


Array Size = 50
 74005 74084 74085 74044 74044 74037 74093 74088 74010 74082
 74095 74056 74019 74019 74080 74032 74063 74085 74041 74010
 74013 74020 74014 74004 74053 74001 74039 74032 74083 74044
 74028 74062 74060 74026 74067 74033 74040 74043 74046 74015
 74077 74076 74025 74096 74027 74094 74016 74069 74080 74082


Array Size = 50
 75069 75077 75090 75030 75044 75017 75013 75039 75057 75091
 75064 75046 75080 75018 75016 75065 75079 75025 75006 75026
 75050 75068 75055 75077 75040 75043 75022 75043 75049 75083
 75017 75006 75058 75079 75011 75012 75017 75034 75060 75092
 75092 75070 75030 75046 75067 75066 75081 75067 75046 75036


Array Size = 50
 76063 76098 76062 76003 76093 76080 76097 76034 76020 76049
 76058 76037 76032 76056 76058 76074 76070 76029 76047 76032
 76085 76045 76097 76031 76030 76087 76015 76076 76034 76033
 76035 76055 76084 76074 76003 76002 76040 76093 76091 76033
 76082 76012 76023 76040 76061 76061 76090 76076 76052 76009


Array Size = 50
 77067 77019 77038 77092 77056 77091 77002 77047 77010 77097
 77009 77054 77035 77094 77072 77045 77038 77052 77025 77098
 77015 77097 77083 77038 77024 77071 77015 77019 77075 77038
 77060 77052 77081 77011 77021 77073 77087 77057 77000 77069
 77016 77001 77057 77011 77090 77046 77078 77037 77049 77006


Array Size = 50
 78092 78050 78011 78003 78061 78024 78032 78011 78019 78018
 78087 78033 78027 78042 78013 78074 78029 78004 78033 78021
 78029 78062 78070 78000 78017 78080 78038 78082 78049 78076
 78007 78022 78051 78073 78002 78095 78088 78080 78099 78015
 78006 78051 78078 78050 78072 78028 78038 78010 78074 78028


Array Size = 50
 79072 79059 79085 79023 79021 79032 79043 79029 79072 79011
 79063 79031 79094 79004 79084 79041 79073 79063 79083 79042
 79043 79099 79063 79079 79015 79035 79071 79051 79008 79042
 79009 79027 79037 79022 79018 79002 79086 79053 79017 79091
 79097 79023 79004 79035 79073 79034 79001 79055 79015 79082


Array Size = 50
 80086 80032 80048 80089 80033 80089 80042 80010 80028 80050
 80072 80038 80052 80036 80018 80084 80033 80023 80068 80057
 80069 80018 80017 80019 80015 80063 80005 80083 80046 80086
 80029 80097 80063 80071 80050 80019 80016 80069 80018 80046
 80011 80040 80055 80077 80038 80001 80019 80016 80004 80059


Array Size = 50
 81000 81016 81018 81030 81025 81059 81006 81034 81045 81033
 81035 81050 81070 81089 81027 81009 81033 81044 81036 81047
 81099 81088 81038 81080 81072 81053 81085 81060 81094 81056
 81090 81033 81096 81091 81035 81032 81056 81042 81047 81025
 81025 81078 81012 81069 81052 81051 81041 81002 81041 81079


Array Size = 50
 82008 82031 82032 82073 82061 82080 82022 82087 82026 82064
 82096 82068 82004 82093 82076 82097 82085 82001 82055 82008
 82011 82003 82036 82018 82004 82096 82087 82077 82041 82085
 82089 82008 82010 82095 82069 82076 82043 82098 82093 82012
 82035 82035 82018 82091 82075 82083 82022 82075 82071 82098


Array Size = 50
 83028 83088 83022 83045 83086 83040 83062 83036 83026 83050
 83007 83029 83034 83066 83037 83018 83097 83008 83067 83070
 83094 83070 83074 83006 83003 83024 83082 83029 83038 83034
 83095 83018 83068 83033 83063 83018 83081 83026 83056 83071
 83042 83076 83082 83026 83099 83001 83046 83074 83049 83088


Array Size = 50
 84032 84099 84028 84014 84082 84052 84017 84096 84077 84062
 84082 84042 84022 84079 84032 84044 84069 84065 84049 84040
 84083 84076 84060 84013 84011 84073 84041 84037 84037 84083
 84008 84041 84081 84062 84099 84024 84073 84059 84045 84047
 84080 84057 84095 84014 84057 84007 84023 84010 84034 84038


Array Size = 50
 85008 85003 85005 85076 85078 85063 85058 85087 85025 85071
 85025 85070 85039 85089 85079 85009 85056 85097 85005 85035
 85039 85085 85032 85045 85093 85016 85075 85020 85072 85086
 85064 85065 85028 85080 85080 85068 85068 85045 85082 85099
 85094 85041 85009 85032 85079 85041 85021 85034 85022 85091


Array Size = 50
 86061 86024 86005 86020 86083 86028 86053 86015 86012 86014
 86032 86069 86013 86058 86051 86094 86049 86090 86019 86007
 86092 86072 86022 86039 86042 86039 86051 86021 86042 86060
 86099 86025 86070 86097 86023 86019 86063 86015 86091 86040
 86030 86093 86036 86023 86019 86022 86077 86088 86022 86074


Array Size = 50
 87060 87002 87097 87080 87016 87012 87099 87021 87017 87044
 87087 87021 87035 87096 87083 87002 87070 87085 87036 87037
 87008 87077 87029 87073 87025 87034 87081 87055 87037 87017
 87001 87065 87004 87057 87005 87032 87058 87070 87045 87006
 87034 87074 87047 87050 87094 87036 87057 87038 87035 87028


Array Size = 50
 88007 88075 88013 88048 88054 88017 88012 88043 88095 88063
 88047 88011 88052 88058 88067 88095 88019 88014 88021 88076
 88042 88051 88090 88051 88019 88032 88078 88041 88088 88048
 88074 88000 88038 88044 88033 88003 88022 88013 88096 88057
 88080 88056 88022 88032 88031 88027 88055 88011 88003 88060


Array Size = 50
 89088 89084 89043 89064 89040 89074 89056 89004 89037 89028
 89072 89047 89013 89052 89060 89075 89057 89034 89049 89059
 89045 89085 89046 89061 89097 89073 89007 89037 89095 89057
 89015 89083 89034 89013 89070 89022 89046 89018 89029 89041
 89005 89083 89006 89050 89066 89088 89073 89082 89094 89005


Array Size = 50
 90012 90044 90047 90047 90009 90083 90001 90020 90038 90005
 90010 90066 90044 90085 90052 90016 90015 90092 90006 90012
 90059 90036 90082 90099 90099 90034 90060 90092 90030 90098
 90029 90013 90094 90055 90002 90030 90040 90056 90006 90019
 90000 90081 90030 90078 90092 90025 90089 90007 90011 90087


Array Size = 50
 91006 91036 91002 91055 91021 91024 91069 91002 91071 91033
 91007 91081 91023 91060 91031 91042 91003 91058 91041 91053
 91016 91092 91015 91003 91059 91065 91055 91062 91038 91041
 91041 91020 91070 91067 91076 91005 91018 91048 91093 91004
 91073 91074 91022 91065 91028 91097 91025 91027 91012 91019


Array Size = 50
 92051 92055 92049 92025 92095 92065 92016 92028 92042 92012
 92062 92053 92011 92052 92074 92099 92042 92038 92041 92074
 92091 92033 92098 92034 92059 92029 92007 92076 92071 92001
 92011 92038 92062 92072 92000 92054 92067 92001 92089 92026
 92056 92088 92026 92084 92010 92086 92098 92038 92091 92086


Array Size = 50
 93051 93011 93099 93096 93079 93064 93033 93022 93027 93040
 93066 93042 93074 93077 93013 93009 93025 93077 93062 93078
 93081 93012 93087 93058 93077 93008 93026 93083 93039 93016
 93032 93025 93044 93020 93074 93022 93051 93002 93078 93089
 93086 93043 93022 93097 93085 93079 93019 93053 93033 93040


Array Size = 50
 94007 94063 94088 94010 94031 94010 94047 94003 94058 94046
 94026 94065 94057 94042 94016 94061 94090 94093 94057 94083
 94093 94075 94018 94092 94038 94072 94099 94013 94024 94070
 94078 94044 94005 94041 94030 94019 94009 94077 94021 94063
 94002 94005 94094 94063 94000 94079 94046 94005 94055 94023


Array Size = 50
 95004 95060 95020 95075 95009 95099 95006 95074 95002 95052
 95001 95040 95063 95020 95099 95098 95018 95068 95017 95083
 95025 95070 95076 95070 95073 95074 95088 95006 95078 95065
 95063 95080 95067 95019 95049 95042 95095 95068 95045 95052
 95008 95003 95027 95091 95065 95070 95041 95016 95046 95056


Array Size = 50
 96018 96050 96012 96066 96031 96018 96099 96035 96079 96093
 96020 96057 96074 96007 96057 96032 96034 96006 96042 96077
 96044 96088 96030 96086 96036 96019 96070 96063 96085 96091
 96002 96006 96098 96018 96018 96037 96027 96067 96080 96099
 96028 96029 96054 96078 96074 96037 96019 96019 96081 96034


Array Size = 50
 97028 97038 97017 97023 97045 97016 97003 97081 97057 97003
 97082 97071 97069 97047 97005 97097 97022 97052 97076 97093
 97074 97051 97051 97029 97079 97031 97088 97062 97080 97026
 97090 97036 97021 97013 97074 97091 97038 97057 97069 97074
 97032 97045 97016 97092 97033 97023 97062 97011 97020 97057


Array Size = 50
 98095 98006 98049 98017 98000 98032 98025 98010 98013 98068
 98009 98035 98034 98033 98024 98056 98003 98012 98025 98039
 98008 98067 98073 98023 98027 98015 98093 98088 98040 98025
 98071 98026 98027 98041 98006 98041 98079 98041 98022 98032
 98040 98012 98012 98077 98067 98008 98024 98016 98075 98019


Array Size = 50
 99028 99035 99023 99072 99044 99077 99096 99084 99069 99043
 99055 99055 99016 99030 99014 99099 99010 99005 99092 99091
 99013 99039 99013 99082 99036 99057 99048 99096 99038 99003
 99019 99014 99049 99057 99079 99070 99073 99094 99004 99072
 99028 99048 99046 99064 99000 99012 99069 99007 99022 99019

7031 97013
 97003 97087 97042 97027 97062 97089 97070 97095 97007 97089
 97024 97060 97043 97032 97043 97030 97044 97064 97084 97046


Array Size = 50
 98047 98094 98031 98085 98041 98074 98053 98045 98077 98078
 98011 98040 98017 98074 98066 98027 98013 98053 98008 98077
 98081 98005 98003 98093 98017 98034 98079 98019 98013 98087
 98065 98067 98024 98006 98079 98052 98083 98071 98004 98046
 98009 98079 98000 98084 98069 98030 98014 98014 98058 98074


Array Size = 50
 99042 99063 99013 99080 99010 99083 99044 99024 99030 99034
 99027 99048 99005 99034 99027 99011 99066 99001 99072 99069
 99031 99046 99008 99019 99050 99098 99082 99000 99045 99046
 99065 99025 99086 99021 99063 99061 99057 99070 99019 99057
 99061 99088 99080 99065 99039 99094 99063 99044 99028 99033

06 94012 94002 94021
 94034 94049

Array Size = 48
 95002 95003 95004 95009 95012 95013 95015 95015 95016 95017
 95018 95023 95024 95026 95027 95030 95031 95034 95034 95034
 95036 95036 95041 95042 95042 95045 95047 95047 95048 95050
 95057 95057 95064 95064 95065 95067 95071 95075 95077 95078
 95080 95086 95086 95088 95088 95094 95098 95099

Array Size = 95
 96006 96038 96074 96031 96096 96098 96046 96099 96089 96038
 96054 96066 96071 96082 96076 96085 96067 96078 96093 96005
 96049 96038 96014 96068 96009 96033 96079 96073 96026 96043
 96060 96082 96086 96045 96087 96013 96003 96027 96000 96006
 96000 96019 96031 96085 96055 96025 96039 96087 96051 96006
 96060 96083 96050 96062 96048 96002 96001 96047 96027 96025
 96081 96065 96054 96031 96093 96003 96078 96091 96045 96049
 96069 96003 96003 96076 96086 96031 96031 96035 96082 96041
 96001 96014 96098 96095 96030 96049 96099 96039 96068 96084
 96054 96045 96020 96077 96051

Array Size = 85
 97000 97000 97002 97004 97006 97006 97007 97007 97010 97010
 97010 97012 97012 97014 97014 97017 97017 97018 97018 97022
 97023 97023 97023 97024 97027 97030 97031 97032 97033 97034
 97035 97037 97037 97037 97037 97037 97039 97039 97039 97040
 97043 97045 97047 97048 97053 97053 97054 97055 97055 97055
 97055 97056 97059 97059 97060 97060 97063 97065 97067 97067
 97068 97068 97069 97070 97071 97071 97074 97074 97074 97075
 97077 97077 97078 97079 97080 97082 97082 97085 97085 97086
 97090 97093 97093 97095 97097

Array Size = 63
 98088 98017 98068 98079 98076 98010 98006 98050 98038 98011
 98001 98059 98087 98038 98066 98099 98054 98090 98046 98085
 98095 98088 98081 98090 98007 98065 98098 98020 98003 98012
 98097 98044 98012 98035 98016 98017 98063 98059 98024 98010
 98098 98002 98029 98040 98026 98041 98015 98021 98008 98075
 98075 98042 98036 98084 98073 98016 98061 98083 98075 98067
 98011 98072 98095

Array Size = 74
 99000 99001 99001 99001 99002 99006 99012 99012 99013 99013
 99015 99017 99018 99022 99023 99024 99026 99026 99027 99027
 99030 99032 99035 99036 99037 99038 99039 99041 99041 99041
 99042 99043 99043 99044 99045 99045 99046 99049 99050 99051
 99051 99051 99052 99053 99053 99055 99057 99059 99059 99059
 99060 99061 99061 99064 99064 99068 99068 99068 99070 99072
 99074 99074 99075 99076 99079 99079 99079 99081 99085 99092
 99092 99094 99094 99096
9009 99009 99010 99010
 99017 99018 99018 99020 99023 99028 99030 99032 99032 99034
 99036 99037 99039 99039 99041 99043 99047 99048 99048 99048
 99049 99049 99050 99051 99051 99052 99055 99056 99059 99061
 99062 99062 99062 99062 99067 99070 99072 99072 99072 99073
 99074 99074 99074 99077 99077 99077 99077 99080 99081 99085
 99086 99086 99088 99092 99092 99093 99094 99095 99095 99096
 99097 99098 99099 99099 99099
65 96011 96090 96097 96086 96012 96030 96066 96059
 96052 96044 96021 96088 96068 96074 96092 96098 96000 96070
 96013 96072 96049 96053 96008 96057 96075 96059 96067 96095
 96032 96052 96044 96090 96016 96025 96070 96050 96041 96007
 96093 96016 96031 96029

Array Size = 52
 97000 97001 97003 97004 97004 97008 97011 97011 97013 97018
 97018 97019 97020 97024 97024 97024 97026 97027 97030 97030
 97030 97031 97035 97036 97039 97039 97040 97042 97043 97044
 97046 97047 97048 97055 97056 97057 97058 97059 97061 97064
 97065 97067 97067 97070 97077 97078 97078 97079 97082 97083
 97088 97097

Array Size = 58
 98055 98097 98046 98085 98074 98088 98066 98084 98043 98067
 98046 98078 98035 98073 98041 98077 98059 98026 98083 98051
 98050 98020 98053 98091 98093 98013 98064 98012 98089 98018
 98017 98009 98070 98077 98001 98080 98023 98060 98009 98079
 98046 98078 98053 98095 98019 98036 98040 98001 98096 98002
 98078 98099 98004 98022 98030 98034 98003 98029

Array Size = 90
 99000 99002 99003 99004 99006 99006 99008 99009 99010 99011
 99012 99014 99014 99015 99015 99019 99020 99023 99023 99024
 99025 99025 99025 99025 99026 99026 99028 99033 99034 99036
 99037 99038 99040 99040 99042 99042 99044 99045 99045 99045
 99048 99050 99051 99054 99054 99054 99055 99056 99056 99057
 99059 99060 99062 99062 99063 99066 99068 99070 99071 99071
 99073 99073 99074 99075 99077 99080 99080 99081 99081 99081
 99082 99087 99087 99091 99091 99092 99093 99093 99093 99093
 99093 99094 99097 99097 99097 99097 99098 99098 99099 99099

